accuracy: 0.9961089494163424
f1: 0.9960935579828488